 Teff  logg  FeH    profile            filter         wave_min wave_eff wave_max   c1    e1    c2     e2    c3    e3 
------ ---- ----- ----------- ----------------------- -------- -------- -------- ----- ----- ------ ----- ----- -----
4600.0 4.59 -0.02 3-parameter MIRI.CLEAR.P750L.IMAGER     5.87      5.9     5.92 0.642 0.013 -0.703 0.025 0.265 0.013
4600.0 4.59 -0.02 3-parameter MIRI.CLEAR.P750L.IMAGER     5.94     5.97    5.996 0.641 0.013 -0.706 0.026 0.267 0.013
4600.0 4.59 -0.02 3-parameter MIRI.CLEAR.P750L.IMAGER     6.01     6.04    6.066 0.634 0.012 -0.697 0.022 0.263 0.011
4600.0 4.59 -0.02 3-parameter MIRI.CLEAR.P750L.IMAGER    6.082     6.11    6.137  0.63 0.012 -0.697 0.024 0.265 0.012
4600.0 4.59 -0.02 3-parameter MIRI.CLEAR.P750L.IMAGER    6.156     6.18    6.207 0.627 0.012 -0.694 0.024 0.265 0.012
4600.0 4.59 -0.02 3-parameter MIRI.CLEAR.P750L.IMAGER    6.227    6.254    6.277 0.619 0.012 -0.685 0.023 0.261 0.012
4600.0 4.59 -0.02 3-parameter MIRI.CLEAR.P750L.IMAGER    6.297    6.324     6.35 0.616 0.011 -0.682 0.021 0.261 0.011
4600.0 4.59 -0.02 3-parameter MIRI.CLEAR.P750L.IMAGER    6.367    6.395     6.42 0.609 0.011 -0.673 0.021 0.257 0.011
4600.0 4.59 -0.02 3-parameter MIRI.CLEAR.P750L.IMAGER    6.438    6.465    6.492 0.605 0.011 -0.671 0.021 0.256 0.011
4600.0 4.59 -0.02 3-parameter MIRI.CLEAR.P750L.IMAGER     6.51    6.535    6.562 0.602 0.011 -0.668 0.021 0.256 0.011
4600.0 4.59 -0.02 3-parameter MIRI.CLEAR.P750L.IMAGER    6.582     6.61    6.633 0.599 0.011 -0.665 0.022 0.255 0.011
4600.0 4.59 -0.02 3-parameter MIRI.CLEAR.P750L.IMAGER    6.652     6.68    6.707 0.604 0.012 -0.682 0.022 0.266 0.011
4600.0 4.59 -0.02 3-parameter MIRI.CLEAR.P750L.IMAGER    6.723     6.75    6.777 0.598 0.011 -0.674 0.021 0.262 0.011
4600.0 4.59 -0.02 3-parameter MIRI.CLEAR.P750L.IMAGER    6.793     6.82    6.848 0.588  0.01  -0.66 0.019 0.255  0.01
4600.0 4.59 -0.02 3-parameter MIRI.CLEAR.P750L.IMAGER    6.863     6.89    6.918 0.582 0.009 -0.651 0.018 0.251 0.009
4600.0 4.59 -0.02 3-parameter MIRI.CLEAR.P750L.IMAGER    6.938     6.96     6.99 0.576 0.009 -0.644 0.018 0.248 0.009
4600.0 4.59 -0.02 3-parameter MIRI.CLEAR.P750L.IMAGER    7.008    7.035     7.06 0.569 0.009 -0.632 0.018 0.242 0.009
4600.0 4.59 -0.02 3-parameter MIRI.CLEAR.P750L.IMAGER     7.08    7.105    7.133 0.562 0.009 -0.623 0.018 0.238 0.009
4600.0 4.59 -0.02 3-parameter MIRI.CLEAR.P750L.IMAGER     7.15    7.176    7.203 0.559  0.01 -0.624 0.018  0.24 0.009
4600.0 4.59 -0.02 3-parameter MIRI.CLEAR.P750L.IMAGER     7.22    7.246    7.273 0.556 0.011 -0.621 0.021  0.24 0.011
4600.0 4.59 -0.02 3-parameter MIRI.CLEAR.P750L.IMAGER    7.293    7.316    7.344 0.555 0.011 -0.624 0.022 0.242 0.011
4600.0 4.59 -0.02 3-parameter MIRI.CLEAR.P750L.IMAGER    7.363     7.39    7.414 0.555 0.012 -0.628 0.022 0.245 0.011
4600.0 4.59 -0.02 3-parameter MIRI.CLEAR.P750L.IMAGER    7.434     7.46     7.49 0.549  0.01 -0.619  0.02 0.241  0.01
4600.0 4.59 -0.02 3-parameter MIRI.CLEAR.P750L.IMAGER    7.504     7.53     7.56 0.547 0.011 -0.621 0.021 0.243 0.011
4600.0 4.59 -0.02 3-parameter MIRI.CLEAR.P750L.IMAGER    7.574      7.6     7.63 0.546 0.012 -0.625 0.022 0.247 0.012
4600.0 4.59 -0.02 3-parameter MIRI.CLEAR.P750L.IMAGER     7.65     7.67      7.7 0.545 0.012 -0.623 0.022 0.246 0.011
4600.0 4.59 -0.02 3-parameter MIRI.CLEAR.P750L.IMAGER     7.72    7.746     7.77 0.536 0.011 -0.608 0.021 0.238 0.011
4600.0 4.59 -0.02 3-parameter MIRI.CLEAR.P750L.IMAGER     7.79    7.816    7.844 0.527  0.01 -0.593 0.019  0.23  0.01
4600.0 4.59 -0.02 3-parameter MIRI.CLEAR.P750L.IMAGER     7.86    7.887    7.914 0.523 0.009 -0.588 0.018 0.229 0.009
4600.0 4.59 -0.02 3-parameter MIRI.CLEAR.P750L.IMAGER     7.93    7.957    7.984 0.524 0.011 -0.595 0.021 0.233 0.011
4600.0 4.59 -0.02 3-parameter MIRI.CLEAR.P750L.IMAGER      8.0     8.03    8.055 0.513  0.01 -0.575 0.019 0.222  0.01
4600.0 4.59 -0.02 3-parameter MIRI.CLEAR.P750L.IMAGER     8.07      8.1    8.125 0.506 0.008 -0.564 0.016 0.217 0.008
4600.0 4.59 -0.02 3-parameter MIRI.CLEAR.P750L.IMAGER     8.14     8.17    8.195 0.505 0.009 -0.566 0.016 0.219 0.008
4600.0 4.59 -0.02 3-parameter MIRI.CLEAR.P750L.IMAGER     8.22     8.24    8.266 0.506  0.01 -0.573 0.019 0.224  0.01
4600.0 4.59 -0.02 3-parameter MIRI.CLEAR.P750L.IMAGER     8.29     8.31    8.336 0.504 0.008 -0.572 0.016 0.223 0.008
4600.0 4.59 -0.02 3-parameter MIRI.CLEAR.P750L.IMAGER     8.36     8.38    8.414 0.502 0.009 -0.572 0.017 0.224 0.009
4600.0 4.59 -0.02 3-parameter MIRI.CLEAR.P750L.IMAGER     8.43     8.45    8.484 0.503 0.011 -0.576 0.022 0.228 0.011
4600.0 4.59 -0.02 3-parameter MIRI.CLEAR.P750L.IMAGER      8.5     8.52    8.555 0.504 0.011 -0.584 0.022 0.233 0.011
4600.0 4.59 -0.02 3-parameter MIRI.CLEAR.P750L.IMAGER     8.57     8.59    8.625 0.491 0.008 -0.556 0.015 0.217 0.008
4600.0 4.59 -0.02 3-parameter MIRI.CLEAR.P750L.IMAGER     8.64    8.664    8.695 0.478 0.008 -0.532 0.015 0.204 0.008
4600.0 4.59 -0.02 3-parameter MIRI.CLEAR.P750L.IMAGER     8.71     8.74    8.766 0.479 0.012 -0.541 0.024 0.211 0.012
4600.0 4.59 -0.02 3-parameter MIRI.CLEAR.P750L.IMAGER     8.78     8.81    8.836 0.484 0.011 -0.553 0.021 0.218 0.011
4600.0 4.59 -0.02 3-parameter MIRI.CLEAR.P750L.IMAGER     8.85     8.88     8.91 0.483 0.011 -0.553 0.021 0.218 0.011
4600.0 4.59 -0.02 3-parameter MIRI.CLEAR.P750L.IMAGER     8.92     8.95     8.98 0.477 0.011 -0.543 0.021 0.212 0.011
4600.0 4.59 -0.02 3-parameter MIRI.CLEAR.P750L.IMAGER      9.0     9.02     9.05 0.468 0.011 -0.527 0.021 0.204 0.011
4600.0 4.59 -0.02 3-parameter MIRI.CLEAR.P750L.IMAGER     9.07     9.09     9.12 0.464 0.011 -0.523 0.021 0.203 0.011
4600.0 4.59 -0.02 3-parameter MIRI.CLEAR.P750L.IMAGER     9.14    9.164    9.195 0.459 0.012 -0.514 0.023 0.199 0.012
4600.0 4.59 -0.02 3-parameter MIRI.CLEAR.P750L.IMAGER     9.21    9.234    9.266 0.452 0.013 -0.501 0.024 0.192 0.012
4600.0 4.59 -0.02 3-parameter MIRI.CLEAR.P750L.IMAGER     9.28    9.305    9.336 0.446 0.012 -0.494 0.023 0.189 0.012
4600.0 4.59 -0.02 3-parameter MIRI.CLEAR.P750L.IMAGER     9.35    9.375     9.41 0.453 0.011  -0.51 0.022 0.198 0.011
4600.0 4.59 -0.02 3-parameter MIRI.CLEAR.P750L.IMAGER     9.42     9.45     9.48 0.453 0.011 -0.511  0.02 0.197  0.01
4600.0 4.59 -0.02 3-parameter MIRI.CLEAR.P750L.IMAGER     9.49     9.52     9.55 0.441  0.01 -0.488 0.019 0.185  0.01
4600.0 4.59 -0.02 3-parameter MIRI.CLEAR.P750L.IMAGER     9.56     9.59     9.62  0.45 0.009  -0.51 0.017 0.198 0.009
4600.0 4.59 -0.02 3-parameter MIRI.CLEAR.P750L.IMAGER     9.63    9.664     9.69 0.449  0.01  -0.51 0.019 0.199  0.01
4600.0 4.59 -0.02 3-parameter MIRI.CLEAR.P750L.IMAGER      9.7    9.734     9.76 0.441 0.011 -0.498 0.022 0.193 0.011
4600.0 4.59 -0.02 3-parameter MIRI.CLEAR.P750L.IMAGER     9.78    9.805     9.83 0.438 0.011 -0.493 0.021 0.191 0.011
4600.0 4.59 -0.02 3-parameter MIRI.CLEAR.P750L.IMAGER     9.85    9.875      9.9 0.437  0.01 -0.495 0.019 0.192  0.01
4600.0 4.59 -0.02 3-parameter MIRI.CLEAR.P750L.IMAGER     9.92    9.945     9.98 0.448  0.01 -0.522 0.019 0.209  0.01
4600.0 4.59 -0.02 3-parameter MIRI.CLEAR.P750L.IMAGER     9.99   10.016    10.05 0.448  0.01 -0.522 0.019 0.209  0.01
4600.0 4.59 -0.02 3-parameter MIRI.CLEAR.P750L.IMAGER    10.06   10.086    10.12 0.448  0.01 -0.522 0.019 0.209  0.01
4600.0 4.59 -0.02 3-parameter MIRI.CLEAR.P750L.IMAGER    10.13    10.16    10.19 0.448  0.01 -0.522 0.019 0.209  0.01
4600.0 4.59 -0.02 3-parameter MIRI.CLEAR.P750L.IMAGER     10.2   10.234    10.26 0.448  0.01 -0.522 0.019 0.209  0.01
4600.0 4.59 -0.02 3-parameter MIRI.CLEAR.P750L.IMAGER    10.27   10.305    10.33 0.448  0.01 -0.522 0.019 0.209  0.01
4600.0 4.59 -0.02 3-parameter MIRI.CLEAR.P750L.IMAGER    10.34   10.375     10.4 0.448  0.01 -0.522 0.019 0.209  0.01
4600.0 4.59 -0.02 3-parameter MIRI.CLEAR.P750L.IMAGER   10.414   10.445    10.47 0.448  0.01 -0.522 0.019 0.209  0.01
4600.0 4.59 -0.02 3-parameter MIRI.CLEAR.P750L.IMAGER    10.49   10.516    10.54 0.448  0.01 -0.522 0.019 0.209  0.01
4600.0 4.59 -0.02 3-parameter MIRI.CLEAR.P750L.IMAGER    10.56   10.586    10.61 0.448  0.01 -0.522 0.019 0.209  0.01
4600.0 4.59 -0.02 3-parameter MIRI.CLEAR.P750L.IMAGER    10.63    10.66    10.69 0.448  0.01 -0.522 0.019 0.209  0.01
4600.0 4.59 -0.02 3-parameter MIRI.CLEAR.P750L.IMAGER     10.7    10.73    10.76 0.448  0.01 -0.522 0.019 0.209  0.01
4600.0 4.59 -0.02 3-parameter MIRI.CLEAR.P750L.IMAGER    10.77     10.8    10.83 0.448  0.01 -0.522 0.019 0.209  0.01
4600.0 4.59 -0.02 3-parameter MIRI.CLEAR.P750L.IMAGER    10.84    10.87     10.9 0.448  0.01 -0.522 0.019 0.209  0.01
4600.0 4.59 -0.02 3-parameter MIRI.CLEAR.P750L.IMAGER   10.914    10.94    10.97 0.448  0.01 -0.522 0.019 0.209  0.01
4600.0 4.59 -0.02 3-parameter MIRI.CLEAR.P750L.IMAGER   10.984   11.016    11.04 0.448  0.01 -0.522 0.019 0.209  0.01
4600.0 4.59 -0.02 3-parameter MIRI.CLEAR.P750L.IMAGER   11.055   11.086    11.11 0.448  0.01 -0.522 0.019 0.209  0.01
4600.0 4.59 -0.02 3-parameter MIRI.CLEAR.P750L.IMAGER   11.125    11.16    11.18 0.448  0.01 -0.522 0.019 0.209  0.01
4600.0 4.59 -0.02 3-parameter MIRI.CLEAR.P750L.IMAGER   11.195    11.23    11.25 0.448  0.01 -0.522 0.019 0.209  0.01
4600.0 4.59 -0.02 3-parameter MIRI.CLEAR.P750L.IMAGER    11.27     11.3    11.32 0.448  0.01 -0.522 0.019 0.209  0.01
4600.0 4.59 -0.02 3-parameter MIRI.CLEAR.P750L.IMAGER    11.34    11.37    11.39 0.448  0.01 -0.522 0.019 0.209  0.01
4600.0 4.59 -0.02 3-parameter MIRI.CLEAR.P750L.IMAGER   11.414    11.44    11.47 0.448  0.01 -0.522 0.019 0.209  0.01
4600.0 4.59 -0.02 3-parameter MIRI.CLEAR.P750L.IMAGER   11.484    11.51    11.54 0.448  0.01 -0.522 0.019 0.209  0.01
4600.0 4.59 -0.02 3-parameter MIRI.CLEAR.P750L.IMAGER   11.555    11.58    11.61 0.448  0.01 -0.522 0.019 0.209  0.01
4600.0 4.59 -0.02 3-parameter MIRI.CLEAR.P750L.IMAGER   11.625    11.65    11.68 0.448  0.01 -0.522 0.019 0.209  0.01
4600.0 4.59 -0.02 3-parameter MIRI.CLEAR.P750L.IMAGER   11.695    11.73    11.75 0.448  0.01 -0.522 0.019 0.209  0.01
4600.0 4.59 -0.02 3-parameter MIRI.CLEAR.P750L.IMAGER   11.766     11.8    11.82 0.448  0.01 -0.522 0.019 0.209  0.01
4600.0 4.59 -0.02 3-parameter MIRI.CLEAR.P750L.IMAGER   11.836    11.87    11.89 0.448  0.01 -0.522 0.019 0.209  0.01
4600.0 4.59 -0.02 3-parameter MIRI.CLEAR.P750L.IMAGER    11.91    11.94    11.96 0.448  0.01 -0.522 0.019 0.209  0.01
4600.0 4.59 -0.02 3-parameter MIRI.CLEAR.P750L.IMAGER   11.984    12.01    12.03 0.448  0.01 -0.522 0.019 0.209  0.01
4600.0 4.59 -0.02 3-parameter MIRI.CLEAR.P750L.IMAGER   12.055    12.08     12.1 0.448  0.01 -0.522 0.019 0.209  0.01
4600.0 4.59 -0.02 3-parameter MIRI.CLEAR.P750L.IMAGER   12.125    12.15    12.18 0.448  0.01 -0.522 0.019 0.209  0.01
4600.0 4.59 -0.02 3-parameter MIRI.CLEAR.P750L.IMAGER   12.195    12.22    12.25 0.448  0.01 -0.522 0.019 0.208  0.01
4600.0 4.59 -0.02 3-parameter MIRI.CLEAR.P750L.IMAGER   12.266    12.29    12.32 0.448  0.01 -0.522 0.019 0.208  0.01
4600.0 4.59 -0.02 3-parameter MIRI.CLEAR.P750L.IMAGER   12.336    12.36    12.39 0.448  0.01 -0.522 0.019 0.208  0.01
4600.0 4.59 -0.02 3-parameter MIRI.CLEAR.P750L.IMAGER    12.41    12.43    12.46 0.448  0.01 -0.522 0.019 0.208  0.01
4600.0 4.59 -0.02 3-parameter MIRI.CLEAR.P750L.IMAGER    12.48    12.51    12.53 0.448  0.01 -0.522 0.019 0.208  0.01
4600.0 4.59 -0.02 3-parameter MIRI.CLEAR.P750L.IMAGER    12.55    12.58     12.6 0.448  0.01 -0.522 0.019 0.208  0.01
4600.0 4.59 -0.02 3-parameter MIRI.CLEAR.P750L.IMAGER    12.62    12.65    12.67 0.448  0.01 -0.522 0.019 0.208  0.01
4600.0 4.59 -0.02 3-parameter MIRI.CLEAR.P750L.IMAGER    12.69    12.72    12.74 0.448  0.01 -0.522 0.019 0.208  0.01
4600.0 4.59 -0.02 3-parameter MIRI.CLEAR.P750L.IMAGER   12.766    12.79    12.81 0.448  0.01 -0.522 0.019 0.208  0.01
4600.0 4.59 -0.02 3-parameter MIRI.CLEAR.P750L.IMAGER   12.836    12.86    12.88 0.448  0.01 -0.522 0.019 0.208  0.01
4600.0 4.59 -0.02 3-parameter MIRI.CLEAR.P750L.IMAGER    12.91    12.93    12.96 0.448  0.01 -0.522 0.019 0.208  0.01