       wavelength    coef1       coef2         coef3       coef4
       white          0.00000     0.847989     -1.05762     0.414449
       5.0000000      0.00000      1.06757     -1.35417     0.534609
       5.0500000      0.00000      1.07834     -1.36645     0.539164
       5.1000000      0.00000      1.05734     -1.33871     0.528105
       5.1500000      0.00000      1.06049     -1.33885     0.527396
       5.2000000      0.00000      1.08065     -1.36452     0.537256
       5.2500000      0.00000      1.05937     -1.33638     0.526071
       5.3000000      0.00000      1.04650     -1.31499     0.516766
       5.3500000      0.00000      1.06373     -1.33881     0.526410
       5.4000000      0.00000      1.05063     -1.31987     0.518840
       5.4500000      0.00000      1.05678     -1.33332     0.525186
       5.5000000      0.00000      1.05440     -1.32408     0.520283
       5.5500000      0.00000      1.04967     -1.31372     0.515623
       5.6000000      0.00000      1.05115     -1.30814     0.511644
       5.6500000      0.00000      1.05813     -1.32523     0.519977
       5.7000000      0.00000      1.05694     -1.32198     0.518159
       5.7500000      0.00000      1.05836     -1.32865     0.522181
       5.8000000      0.00000      1.06184     -1.33456     0.524684
       5.8500000      0.00000      1.05679     -1.32940     0.523301
       5.9000000      0.00000      1.07180     -1.35053     0.531538
       5.9500000      0.00000      1.07950     -1.36256     0.536667
       6.0000000      0.00000      1.08765     -1.36744     0.537220
       6.0500000      0.00000      1.08246     -1.36341     0.536204
       6.1000000      0.00000      1.09601     -1.38696     0.546747
       6.1500000      0.00000      1.12110     -1.42619     0.563267
       6.2000000      0.00000      1.11721     -1.42370     0.562899
       6.2500000      0.00000      1.10665     -1.40779     0.556222
       6.3000000      0.00000      1.11607     -1.42446     0.563614
       6.3500000      0.00000      1.08979     -1.38377     0.546297
       6.4000000      0.00000      1.07206     -1.35965     0.536664
       6.4500000      0.00000      1.01877     -1.28044     0.503282
       6.5000000      0.00000     0.942267     -1.16882     0.457284
       6.5500000      0.00000     0.921546     -1.14384     0.447849
       6.6000000      0.00000     0.872238     -1.07744     0.421286
       6.6500000      0.00000     0.833732     -1.01012     0.391380
       6.7000000      0.00000     0.863859     -1.05750     0.411182
       6.7500000      0.00000     0.844411     -1.02679     0.398091
       6.8000000      0.00000     0.830204     -1.01366     0.393909
       6.8500000      0.00000     0.830085     -1.00922     0.391184
       6.9000000      0.00000     0.841293     -1.02824     0.399580
       6.9500000      0.00000     0.817889    -0.995511     0.386319
       7.0000000      0.00000     0.836650     -1.01908     0.395308
       7.0500000      0.00000     0.852508     -1.04761     0.408153
       7.1000000      0.00000     0.827409     -1.00741     0.390760
       7.1500000      0.00000     0.850434     -1.04194     0.405248
       7.2000000      0.00000     0.849250     -1.04121     0.404921
       7.2500000      0.00000     0.844508     -1.04521     0.409016
       7.3000000      0.00000     0.846349     -1.03770     0.403902
       7.3500000      0.00000     0.820705     -1.00439     0.390670
       7.4000000      0.00000     0.858145     -1.05933     0.413458
       7.4500000      0.00000     0.836618     -1.03215     0.403026
       7.5000000      0.00000     0.881451     -1.09350     0.427448
       7.5500000      0.00000     0.853268     -1.05226     0.410230
       7.6000000      0.00000     0.807543    -0.987799     0.383932
       7.6500000      0.00000     0.825584     -1.01908     0.398160
       7.7000000      0.00000     0.848466     -1.04689     0.408601
       7.7500000      0.00000     0.813844     -1.00015     0.389503
       7.8000000      0.00000     0.849759     -1.05836     0.415011
       7.8500000      0.00000     0.847565     -1.04912     0.409869
       7.9000000      0.00000     0.802957    -0.986333     0.384239
       7.9500000      0.00000     0.826465     -1.01543     0.395459
       8.0000000      0.00000     0.809446    -0.999315     0.390382
       8.0500000      0.00000     0.816202     -1.00581     0.392251
       8.1000000      0.00000     0.805742    -0.995219     0.388615
       8.1500000      0.00000     0.800031    -0.985973     0.384625
       8.2000000      0.00000     0.791697    -0.971821     0.378167
       8.2500000      0.00000     0.808009    -0.998977     0.390450
       8.3000000      0.00000     0.792978    -0.980249     0.383229
       8.3500000      0.00000     0.782213    -0.962959     0.375793
       8.4000000      0.00000     0.792605    -0.975555     0.380423
       8.4500000      0.00000     0.796226    -0.989106     0.387693
       8.5000000      0.00000     0.777341    -0.957433     0.373462
       8.5500000      0.00000     0.792983    -0.976552     0.380604
       8.6000000      0.00000     0.795998    -0.976698     0.379922
       8.6500000      0.00000     0.815787     -1.00721     0.392932
       8.7000000      0.00000     0.803068    -0.990210     0.386137
       8.7500000      0.00000     0.771015    -0.942219     0.365916
       8.8000000      0.00000     0.807519    -0.997717     0.389454
       8.8500000      0.00000     0.805445    -0.996726     0.389411
       8.9000000      0.00000     0.817062     -1.00977     0.394096
       8.9500000      0.00000     0.810211    -0.998744     0.389135
       9.0000000      0.00000     0.821754     -1.01725     0.396975
       9.0500000      0.00000     0.826885     -1.02747     0.401960
       9.1000000      0.00000     0.819199     -1.01889     0.398861
       9.1500000      0.00000     0.830326     -1.03044     0.402546
       9.2000000      0.00000     0.828836     -1.03039     0.402976
       9.2500000      0.00000     0.812809     -1.00933     0.394758
       9.3000000      0.00000     0.823857     -1.02254     0.399574
       9.3500000      0.00000     0.825886     -1.02526     0.400615
       9.4000000      0.00000     0.819196     -1.01881     0.398479
       9.4500000      0.00000     0.816372     -1.02114     0.400732
       9.5000000      0.00000     0.820642     -1.02322     0.400696
       9.5500000      0.00000     0.842240     -1.05627     0.414717
       9.6000000      0.00000     0.804649     -1.00075     0.391518
       9.6500000      0.00000     0.811516     -1.01089     0.395744
       9.7000000      0.00000     0.815877     -1.01921     0.399558
       9.7500000      0.00000     0.833116     -1.04559     0.410543
       9.8000000      0.00000     0.812558     -1.01726     0.399102
       9.8500000      0.00000     0.820601     -1.02829     0.403614
       9.9000000      0.00000     0.774217    -0.968300     0.380128
       9.9500000      0.00000     0.808676     -1.01395     0.398001
       10.000000      0.00000     0.814687     -1.02151     0.401045
       10.050000      0.00000     0.799581    -0.997896     0.391005
       10.100000      0.00000     0.789057    -0.983259     0.385085
       10.150000      0.00000     0.805778     -1.01262     0.398261
       10.200000      0.00000     0.798877     -1.00197     0.393657
       10.250000      0.00000     0.803690     -1.00873     0.396137
       10.300000      0.00000     0.776303    -0.969402     0.379894
       10.350000      0.00000     0.780822    -0.976878     0.383284
       10.400000      0.00000     0.777051    -0.976232     0.383750
       10.450000      0.00000     0.755322    -0.943792     0.370131
       10.500000      0.00000     0.771824    -0.964917     0.378439
       10.550000      0.00000     0.767261    -0.962731     0.378311
       10.600000      0.00000     0.755095    -0.944299     0.370393
       10.650000      0.00000     0.776839    -0.975275     0.383355
       10.700000      0.00000     0.756022    -0.949293     0.373123
       10.750000      0.00000     0.752444    -0.938638     0.367735
       10.800000      0.00000     0.749629    -0.942052     0.370286
       10.850000      0.00000     0.765990    -0.955699     0.374265
       10.900000      0.00000     0.731210    -0.916596     0.360060
       10.950000      0.00000     0.731087    -0.912431     0.357672
       11.000000      0.00000     0.720613    -0.897272     0.351153
       11.050000      0.00000     0.715250    -0.895230     0.351202
       11.100000      0.00000     0.719173    -0.898260     0.352364
       11.150000      0.00000     0.744113    -0.933735     0.366989
       11.200000      0.00000     0.712976    -0.889945     0.348825
       11.250000      0.00000     0.717173    -0.895292     0.350942
       11.300000      0.00000     0.701162    -0.877376     0.344230
       11.350000      0.00000     0.704461    -0.882894     0.346873
       11.400000      0.00000     0.749932    -0.939028     0.368602
       11.450000      0.00000     0.682106    -0.850583     0.333322
       11.500000      0.00000     0.702671    -0.874077     0.341935
       11.550000      0.00000     0.665402    -0.826187     0.322967
       11.600000      0.00000     0.682886    -0.851233     0.333302
       11.650000      0.00000     0.705633    -0.878339     0.343812
       11.700000      0.00000     0.697221    -0.867700     0.339666
       11.750000      0.00000     0.653954    -0.812047     0.317726
       11.800000      0.00000     0.681224    -0.846712     0.331165
       11.850000      0.00000     0.666519    -0.834404     0.327802
       11.900000      0.00000     0.683409    -0.853138     0.334500
       11.950000      0.00000     0.683603    -0.850748     0.333074
